0.008342285484087553 5.035584799248019e-05 6.714113065664025e-05 0.020142339196992078 0.039512555391432794 0.002282798442325769 0.6993252316369007 0.23027729286961193
0.006436440153484342 0.0 0.0 0.008911994058670627 0.034657754672607996 0.0011139992573338284 0.7262037380863968 0.22267607377150636
0.005415617128463476 0.0 0.0 0.010957178841309824 0.03400503778337532 0.0010075566750629723 0.7265743073047859 0.22204030226700253

----------
dev_turn_inform 0.45 dev_joint_goal 0.14

'best_epoch': 0,
 'best_eval_dev_domain': 0.9667616334283001,
 'best_eval_dev_joint_goal': 0.06973273639940307,
 'best_eval_dev_joint_slot': 0.2598019264685931,
 'best_eval_dev_slot': 0.5072581739248406,
 'best_eval_dev_turn_inform': 0.3855650522317189,
 'best_eval_train_domain': 0.9700441970862662,
 'best_eval_train_joint_goal': 0.07959113148178462,
 'best_eval_train_joint_slot': 0.2562703479383787,
 'best_eval_train_slot': 0.49462541605281823,
 'best_eval_train_turn_inform': 0.37587530237718486,
 'best_iteration': 1100,
 'best_loss': 0.2164862325889143,
 'epoch': 0,
 'eval_dev_domain': 0.9667616334283001,
 'eval_dev_joint_goal': 0.06973273639940307,
 'eval_dev_joint_slot': 0.2598019264685931,
 'eval_dev_slot': 0.5072581739248406,
 'eval_dev_turn_inform': 0.3855650522317189,
 'eval_train_domain': 0.9700441970862662,
 'eval_train_joint_goal': 0.07959113148178462,
 'eval_train_joint_slot': 0.2562703479383787,
 'eval_train_slot': 0.49462541605281823,
 'eval_train_turn_inform': 0.37587530237718486,
 'iteration': 1100,
 'loss': 0.2164862325889143